%YAML:1.0
---
ProjectionMatrix: !!opencv-matrix
   rows: 4
   cols: 4
   dt: d
   data: [ 1.0416666666666667e-03, 0., 1., 0., 0.,
       1.8518518518518519e-03, -1., 0., 0., 0., -1.0202020202020201e+00,
       -2.0202020202020202e-01, 0., 0., -1., 0. ]
ViewMatrix: !!opencv-matrix
   rows: 4
   cols: 4
   dt: d
   data: [ 9.9238641515823789e-01, -1.1901348816169455e-01,
       3.1701618964460082e-02, 1.8006856654757379e+02,
       1.2288990314826048e-01, 9.3967908161559377e-01,
       -3.1921982281538425e-01, 6.7586684857980572e+01,
       8.2021164093656410e-03, 3.2068522449539255e-01,
       9.4715031123721161e-01, 6.7310438854212590e-02, 0., 0., 0., 1. ]
Intrinsics: !!opencv-matrix
   rows: 3
   cols: 3
   dt: d
   data: [ 1., 0., 0., 0., 1., 0., 0., 0., 1. ]
distCoeffs: !!opencv-matrix
   rows: 5
   cols: 1
   dt: d
   data: [ 0., 0., 0., 0., 0. ]
error: 1.
